flying_hand_fully_actuated:
  ros__parameters:
    # Paper-architecture nominal values are for shadow evaluation only.
    closed_loop: false
    calibration_confirmed: false
    adaptive_enabled: true
    control_rate_hz: 100.0
    state_timeout_ms: 20.0
    vehicle_status_timeout_ms: 750.0
    land_state_timeout_ms: 1500.0
    allocator_status_timeout_ms: 100.0
    solver_budget_ms: 8.0
    solver_timeout_limit: 3
    follower_status_timeout_ms: 500.0
    fault_hold_ms: 100.0
    stop_hold_ms: 1000.0
    target_position_slew_m_s: 0.25
    target_orientation_slew_rad_s: 0.4
    force_slew_n_s: [40.0, 40.0, 100.0]
    moment_slew_nm_s: [10.0, 10.0, 5.0]

    uav.mass_kg: 5.0
    uav.inertia_frd_kg_m2: [0.10, 0.0, 0.0, 0.0, 0.10, 0.0, 0.0, 0.0, 0.15]
    uav.maximum_linear_velocity_m_s: [5.0, 5.0, 5.0]
    uav.maximum_angular_velocity_rad_s: [3.0, 3.0, 3.0]

    # Rotor-major [x, y, z]. These form a nominal 20-degree tilted hex, not
    # identified Flying Hand hardware dimensions.
    rotor.position_frd_m: [0.34, 0.0, 0.0, 0.17, 0.2944486373, 0.0, -0.17, 0.2944486373, 0.0, -0.34, 0.0, 0.0, -0.17, -0.2944486373, 0.0, 0.17, -0.2944486373, 0.0]
    rotor.axis_frd: [0.0, 0.3420201433, -0.9396926208, 0.2961981327, -0.1710100717, -0.9396926208, -0.2961981327, -0.1710100717, -0.9396926208, 0.0, 0.3420201433, -0.9396926208, 0.2961981327, -0.1710100717, -0.9396926208, -0.2961981327, -0.1710100717, -0.9396926208]
    rotor.moment_ratio_m: [0.02, -0.02, 0.02, -0.02, 0.02, -0.02]
    rotor.minimum_thrust_n: [0.0, 0.0, 0.0, 0.0, 0.0, 0.0]
    rotor.maximum_thrust_n: [20.0, 20.0, 20.0, 20.0, 20.0, 20.0]
    rotor.thrust_curve_kappa: [0.3, 0.3, 0.3, 0.3, 0.3, 0.3]
    allocation.maximum_condition_number: 50.0

    arm.dh_d_m: [0.0, 0.050, 0.0, 0.076]
    arm.dh_a_m: [0.363, 0.441, 0.007, 0.200]
    arm.dh_alpha_rad: [0.10, -0.10, -1.578, 0.0]
    arm.dh_theta_offset_rad: [0.0, 0.0, 0.0, 0.0]
    arm.base_position_flu_m: [0.0, 0.0, 0.0]
    arm.base_rpy_flu_rad: [0.0, 0.0, 0.0]
    arm.servo_delay_s: [0.66, 0.68, 0.81, 0.85]
    arm.joint_lower_rad: [-2.6, -2.6, -2.6, -3.1415926536]
    arm.joint_upper_rad: [2.6, 2.6, 2.6, 3.1415926536]
    arm.max_velocity_rad_s: [2.0, 2.0, 2.0, 3.0]
    arm.home_rad: [0.0, 0.0, 0.0, 0.0]

    l1.uav_predictor_rate_rad_s: [8.0, 8.0, 8.0, 12.0, 12.0, 12.0]
    l1.uav_low_pass_cutoff_hz: [1.5, 1.5, 1.5, 1.0, 1.0, 1.0]
    l1.uav_correction_limit: [10.0, 10.0, 10.0, 2.0, 2.0, 2.0]
    l1.arm_predictor_rate_rad_s: [10.0, 10.0, 10.0, 10.0]
    l1.arm_low_pass_cutoff_hz: [1.0, 1.0, 1.0, 1.0]
    l1.arm_correction_limit_rad: [0.15, 0.15, 0.15, 0.15]

    initial_gripper_open_fraction: 1.0
    target_frame: px4_local_ned
    px4_topic_namespace_prefix: ""
    vehicle_odometry_topic: /fmu/out/vehicle_odometry
    sensor_combined_topic: /fmu/out/sensor_combined
    vehicle_status_topic: /fmu/out/vehicle_status
    vehicle_land_detected_topic: /fmu/out/vehicle_land_detected
    control_allocator_status_topic: /fmu/out/control_allocator_status
    follower_arm_state_topic: /ace_follower/arm/state
    follower_sync_status_topic: /ace_follower/arm/sync_status
    ee_pose_setpoint_topic: /flying_hand_fully_actuated/ee_pose_setpoint
    arm_command_topic: /ace_leader/arm/command
    gripper_command_topic: /ace_leader/gripper/command
    sync_mode_topic: /ace_leader/arm/sync_mode
    ee_pose_topic: /flying_hand_fully_actuated/ee_pose
    nominal_wrench_topic: /flying_hand_fully_actuated/wrench_nominal
    adaptive_wrench_topic: /flying_hand_fully_actuated/wrench_adaptive
    applied_wrench_topic: /flying_hand_fully_actuated/wrench_applied
    status_topic: /flying_hand_fully_actuated/status
    arm_joint_names: [joint_1, joint_2, joint_3, joint_4]
    gripper_joint_name: joint_5
